height  width   u   s   e
1024    1024    41.752054   0.006817    5.353503
                0.031839    0.010970    0.040645
512     512     10.553681   0           1.364011
                0.009284    0.002968    0.011250
256     256     2.678929    0.000991    0.337897
                0.001278    0.001982    0.003028
128     128     0.727626    0           0.093697
                0.000948    0.000980    0.001634
64      64      0.233668    0           0.031861
                0           0.001595    0.001300
32      32      0.106996    0           0.016993
                0           0.001520    0.001198    
16      16      0.174994    0           0.026433
                0.001429    0.000127    0.001189
8       8       0.008412    0           0.001593
                0.000604    0           0.000517
4       4       0.085460    0           0.012760    
                0.000387    0.001154    0.001176
2       2       0.330062    0.000009    0.048336
                0.000437    0.001052    0.001184